№ 1 - 3933
  29 9999971
  27 9999973
  9 9999991
  19 10000019
  79 10000079
  103 10000103
№2 - 3932
  702122 4
  702123 8
  702124 12
  702125 16
  702126 24
№3 - 3440
  39799 37
  39979 37
  39989 38
  48799 37
  48889 37
  48989 38
  49789 37
  49999 40
№4 - 2908
  80 293112
  80 293160
№5 - 3780
  63123848 7890481
  66724352 130321
  71639296 279841
№6 - 3982
  102760448 23
  134217728 27
  184473632 13
  240945152 17
№7 - 3979
  125000000 15
  131072000 23
  195312500 13
  204800000 21
№8 - 3753
  113010578 7517
  113191058 7523
  113371682 7529
  113612738 7537
  113733362 7541
  113914418 7547
  113974802 7549
Демо
№ 1 - 2905
  249001 499
  251001 501
№ 2 - 3977
  181398528 21
  201326592 27
  229582512 19
  254803968 25
