	№1
2367803 22129
2371987 23029
2378503 22229
2382287 229
2386529 23629

	№2
3850784 17191
3851246 1151
3851324 191
3851834 275131
3852254 275161

	№3
4679042 397
4679733 36277
4680214 30391
4680309 3257
4680873 1297

	№4
39458583 15
39458673 17

	№5
18958656 12
1939958656 40

	№6
123450668 7261804
123451688 7261864
123456618 7262154
123457638 7262214
123458658 7262274
123459678 7262334

	№7
170200 1150
128464 868
126244 853

	№8
4095 91
2745 61

	№9
122145 2395
122451 2401
124542 2442
124593 2443
127245 2495

	№10*
132587371194 712835329
119702862522 643563777
106818353850 574292225